7 0.392578125 0.2109375 0.09765625 0.1875
7 0.244140625 0.7666015625 0.12109375 0.193359375
7 0.255859375 0.4287109375 0.11328125 0.1474609375
7 0.455078125 0.5859375 0.09765625 0.13671875
7 0.474609375 0.1728515625 0.10546875 0.1728515625
7 0.041015625 0.662109375 0.08203125 0.1474609375
7 0.5263671875 0.390625 0.123046875 0.2275390625
7 0.384765625 0.4482421875 0.0927734375 0.21484375
7 0.2880859375 0.26953125 0.1220703125 0.1591796875
7 0.193359375 0.142578125 0.115234375 0.1640625
7 0.2939453125 0.0712890625 0.1181640625 0.13671875