15 0.6103515625 0.544921875 0.1201171875 0.400390625
15 0.4912109375 0.51171875 0.0888671875 0.3603515625
15 0.802734375 0.5478515625 0.1787109375 0.517578125
15 0.95703125 0.537109375 0.0859375 0.5546875
15 0.404296875 0.544921875 0.1015625 0.3486328125
15 0.3251953125 0.498046875 0.0673828125 0.2861328125
15 0.07421875 0.4892578125 0.044921875 0.2236328125
15 0.1220703125 0.5 0.0927734375 0.275390625
15 0.1552734375 0.5302734375 0.0556640625 0.30078125
15 0.216796875 0.5390625 0.0634765625 0.3359375
15 0.263671875 0.517578125 0.0771484375 0.330078125