15 0.8759765625 0.541015625 0.07421875 0.27734375
15 0.826171875 0.5224609375 0.06640625 0.2578125
15 0.7802734375 0.52734375 0.0849609375 0.2109375
15 0.470703125 0.3603515625 0.068359375 0.171875
15 0.4873046875 0.3740234375 0.044921875 0.1689453125
15 0.5146484375 0.3671875 0.0517578125 0.1943359375
15 0.5302734375 0.4130859375 0.0556640625 0.1845703125
15 0.5625 0.41015625 0.048828125 0.1630859375
15 0.599609375 0.4189453125 0.0537109375 0.1689453125
15 0.6279296875 0.4326171875 0.0478515625 0.2099609375
15 0.671875 0.46875 0.046875 0.185546875
15 0.708984375 0.466796875 0.0625 0.2060546875
15 0.30078125 0.2607421875 0.029296875 0.076171875
15 0.3017578125 0.2666015625 0.021484375 0.0927734375
15 0.3125 0.2744140625 0.03125 0.099609375
15 0.3212890625 0.267578125 0.0322265625 0.130859375
15 0.3330078125 0.29296875 0.0419921875 0.130859375
15 0.349609375 0.30078125 0.0234375 0.111328125
15 0.359375 0.2998046875 0.0234375 0.091796875
15 0.373046875 0.3076171875 0.0302734375 0.1123046875
15 0.4033203125 0.3291015625 0.046875 0.130859375
15 0.4287109375 0.337890625 0.041015625 0.1494140625
15 0.4462890625 0.3427734375 0.03125 0.1005859375