13 0.8857421875 0.5068359375 0.158203125 0.265625
13 0.3857421875 0.39453125 0.1982421875 0.193359375
13 0.53125 0.2587890625 0.119140625 0.2119140625
13 0.1826171875 0.3134765625 0.1015625 0.1572265625
13 0.7421875 0.5048828125 0.2421875 0.279296875
13 0.2529296875 0.3017578125 0.0927734375 0.134765625
13 0.1103515625 0.3291015625 0.10546875 0.14453125
13 0.76171875 0.3603515625 0.0966796875 0.189453125
13 0.3720703125 0.2744140625 0.0751953125 0.0810546875
13 0.0634765625 0.4794921875 0.126953125 0.310546875
13 0.39453125 0.6220703125 0.259765625 0.3779296875