13 0.607421875 0.59765625 0.1845703125 0.330078125
13 0.4326171875 0.6416015625 0.234375 0.4072265625
13 0.46875 0.345703125 0.130859375 0.3505859375
13 0.8173828125 0.6162109375 0.21875 0.3662109375
13 0.23828125 0.6162109375 0.2080078125 0.427734375
13 0.5458984375 0.337890625 0.099609375 0.345703125
13 0.640625 0.3193359375 0.119140625 0.330078125
13 0.2841796875 0.4970703125 0.107421875 0.2626953125
13 0.53125 0.4921875 0.7919921875 0.6962890625
13 0.4150390625 0.525390625 0.1923828125 0.3095703125
13 0.76171875 0.37109375 0.1923828125 0.443359375