13 0.4482421875 0.4716796875 0.15625 0.4453125
13 0.734375 0.673828125 0.2099609375 0.4560546875
13 0.1396484375 0.7802734375 0.2783203125 0.25390625
13 0.603515625 0.3916015625 0.1298828125 0.22265625
13 0.068359375 0.26171875 0.099609375 0.2431640625
13 0.5859375 0.1396484375 0.080078125 0.1455078125
13 0.166015625 0.19921875 0.103515625 0.181640625
13 0.2958984375 0.3056640625 0.1259765625 0.2275390625
13 0.26953125 0.5048828125 0.171875 0.357421875
13 0.900390625 0.30078125 0.1298828125 0.23828125
13 0.83203125 0.4716796875 0.1455078125 0.310546875
13 0.1875 0.3525390625 0.1142578125 0.23828125
13 0.9619140625 0.7509765625 0.068359375 0.197265625
13 0.7578125 0.23046875 0.095703125 0.1708984375
13 0.33984375 0.20703125 0.076171875 0.2275390625
13 0.7177734375 0.3603515625 0.1298828125 0.2744140625
13 0.232421875 0.0986328125 0.076171875 0.17578125