17 0.302734375 0.33203125 0.08203125 0.2421875
17 0.513671875 0.7294921875 0.080078125 0.205078125
17 0.2021484375 0.68359375 0.0439453125 0.2861328125
17 0.365234375 0.6494140625 0.0615234375 0.31640625
17 0.1953125 0.4130859375 0.0615234375 0.2421875
17 0.5673828125 0.2392578125 0.1103515625 0.1552734375
17 0.54296875 0.4072265625 0.07421875 0.279296875
17 0.3525390625 0.3662109375 0.0615234375 0.2861328125
17 0.767578125 0.3603515625 0.1279296875 0.3232421875
17 0.712890625 0.6552734375 0.0576171875 0.3544921875
17 0.23828125 0.3134765625 0.072265625 0.1923828125
17 0.779296875 0.447265625 0.09765625 0.248046875
17 0.580078125 0.6337890625 0.064453125 0.2861328125