17 0.49609375 0.5 0.15625 0.384765625
17 0.3134765625 0.369140625 0.150390625 0.1552734375
17 0.876953125 0.33984375 0.173828125 0.2138671875
17 0.138671875 0.5166015625 0.185546875 0.2080078125
17 0.7861328125 0.091796875 0.18359375 0.15234375
17 0.908203125 0.7578125 0.087890625 0.2236328125
17 0.787109375 0.5283203125 0.2138671875 0.1611328125
17 0.3017578125 0.6875 0.099609375 0.2138671875
17 0.4248046875 0.134765625 0.146484375 0.2333984375
17 0.7177734375 0.3212890625 0.171875 0.2021484375
17 0.4150390625 0.931640625 0.2099609375 0.130859375
17 0.732421875 0.8955078125 0.1162109375 0.2021484375
17 0.171875 0.1494140625 0.103515625 0.2978515625