17 0.892578125 0.6435546875 0.154296875 0.69921875
17 0.6435546875 0.7314453125 0.171875 0.5302734375
17 0.44140625 0.353515625 0.150390625 0.3974609375
17 0.326171875 0.7421875 0.16015625 0.501953125
17 0.4716796875 0.7666015625 0.1484375 0.458984375
17 0.7568359375 0.373046875 0.166015625 0.451171875
17 0.611328125 0.369140625 0.1376953125 0.365234375
17 0.552734375 0.541015625 0.146484375 0.39453125
17 0.28515625 0.375 0.1298828125 0.369140625
17 0.748046875 0.6611328125 0.1396484375 0.61328125
17 0.3837890625 0.5166015625 0.1318359375 0.3515625
17 0.2109375 0.677734375 0.154296875 0.6376953125